jump_from,jump_over,jump_to
5,0,1
1,0,5
10,0,4
4,0,10
0,1,11
11,1,0
6,1,2
2,1,6
1,2,12
12,2,1
7,2,3
3,2,7
4,3,8
8,3,4
2,3,13
13,3,2
0,4,9
9,4,0
3,4,14
14,4,3
20,5,0
0,5,20
10,5,15
15,5,10
16,6,11
11,6,16
21,6,1
1,6,21
17,7,12
12,7,17
22,7,2
2,7,22
3,8,23
23,8,3
18,8,13
13,8,18
14,9,19
19,9,14
4,9,24
24,9,4
25,10,0
0,10,25
16,10,5
5,10,16
6,11,17
17,11,6
26,11,1
1,11,26
2,12,27
27,12,2
7,12,18
18,12,7
19,13,8
8,13,19
3,13,28
28,13,3
29,14,4
4,14,29
15,14,9
9,14,15
20,15,14
14,15,20
5,15,29
29,15,5
25,16,6
6,16,25
21,16,10
10,16,21
11,17,22
22,17,11
26,17,7
7,17,26
12,18,23
23,18,12
27,18,8
8,18,27
9,19,28
28,19,9
13,19,24
24,19,13
